1,3,722410645274000,3,0.095768064,-0.038307227,9.768343
1,3,722410670251000,3,-0.095768064,-0.05746084,10.036493
1,3,722410690094000,3,0.038307227,-0.17238252,9.959879
1,3,722410709429000,3,-0.05746084,-0.17238252,9.864111
1,3,722410729190000,3,-0.076614454,-0.1340753,9.80665
1,3,722410748943000,3,-0.038307227,-0.076614454,9.921572
1,3,722410768719000,3,-0.05746084,-0.038307227,9.883265
1,3,722410788555000,3,-0.019153614,-0.11492168,9.921572
1,3,722410809319000,3,0.038307227,-0.17238252,9.998186
1,3,722410836471000,3,0.019153614,-0.15322891,9.902418
1,3,722410855291000,3,0.019153614,0.019153614,10.01734
1,3,722410877494000,3,0.019153614,-0.21068975,9.940725
1,3,722410897259000,3,0.038307227,-0.095768064,9.921572
1,3,722410919968000,3,0.019153614,-0.17238252,9.959879
1,3,722410942208000,3,-0.076614454,-0.17238252,9.959879
1,3,722410965070000,3,0.095768064,-0.019153614,9.902418
1,3,722410982282000,3,-0.076614454,-0.076614454,9.80665
1,3,722411001095000,3,0.038307227,-0.095768064,9.9790325
1,3,722411020855000,3,0.038307227,-0.11492168,9.844957
1,3,722411043389000,3,0.038307227,-0.17238252,9.883265
1,3,722411062952000,3,0.038307227,-0.05746084,10.01734
1,3,722411085150000,3,0.076614454,-0.095768064,9.998186
1,3,722411104933000,3,0.019153614,-0.15322891,9.787497
1,3,722411133122000,3,-0.05746084,-0.05746084,9.844957
1,3,722411149435000,3,-0.038307227,-0.11492168,9.864111
1,3,722411171729000,3,0.076614454,-0.59376204,9.9790325
1,3,722411191849000,3,0.32561144,-0.842759,9.825804
1,3,722411211238000,3,0.32561144,-0.842759,9.864111
1,3,722411230993000,3,0.1340753,-0.6512229,9.80665
1,3,722411250973000,3,0.2681506,-0.5554548,9.864111
1,3,722411270549000,3,-0.2681506,-0.5363012,9.844957
1,3,722411290838000,3,-0.91937345,2.3942018,10.036493
1,3,722411310211000,3,0.11492168,0.9959879,9.653421
1,3,722411329897000,3,-0.05746084,-0.11492168,10.0748005
1,3,722411349696000,3,0.05746084,-0.1340753,10.036493
1,3,722411369454000,3,0.019153614,-0.36391866,9.998186
1,3,722411389211000,3,-0.24899697,-0.8619126,9.883265
1,3,722411408983000,3,-0.22984336,-1.2258313,9.9790325
1,3,722411428754000,3,-0.2681506,-1.0342951,9.959879
1,3,722411448531000,3,-0.11492168,-0.842759,9.883265
1,3,722411469070000,3,-0.095768064,0.05746084,9.864111
1,3,722411490582000,3,-0.30645782,0.32561144,9.902418
1,3,722411510347000,3,0.11492168,0.36391866,9.921572
1,3,722411530126000,3,0.19153613,0.8619126,9.940725
1,3,722411549894000,3,0.91937345,1.7429788,9.825804
1,3,722411569670000,3,0.91937345,0.21068975,9.998186
1,3,722411589483000,3,0.2873042,1.1300632,10.01734
1,3,722411609919000,3,0.61291564,0.8619126,9.883265
1,3,722411629867000,3,0.5363012,0.2873042,9.998186
1,3,722411648983000,3,0.30645782,-0.2873042,9.787497
1,3,722411676244000,3,-0.1340753,-0.5746084,9.921572
1,3,722411695919000,3,-0.38307226,-1.0726024,9.902418
1,3,722411715688000,3,-0.82360536,-1.0534488,9.864111
1,3,722411735981000,3,-0.78529817,-0.30645782,9.940725
1,3,722411755534000,3,0.38307226,-0.63206923,9.883265
1,3,722411775037000,3,0.22984336,-1.8579005,9.921572
1,3,722411795566000,3,0.019153614,-1.3790601,9.787497
1,3,722411814866000,3,-0.40222588,-0.38307226,9.902418
1,3,722411834571000,3,-0.49799395,0.6703765,9.883265
1,3,722411854431000,3,-0.45968673,1.2258313,10.113108
1,3,722411874198000,3,0.4405331,1.5897499,9.940725
1,3,722411907360000,3,-0.095768064,0.45968673,10.036493
1,3,722411935663000,3,0.038307227,0.9768343,10.036493
1,3,722411955319000,3,-0.038307227,0.7661445,9.864111
1,3,722411975157000,3,0.22984336,-0.15322891,9.959879
1,3,722411997414000,3,0.2681506,-1.0342951,9.749189
1,3,722412017182000,3,-0.32561144,-1.2066777,9.921572
1,3,722412037079000,3,-0.47884035,-0.6703765,9.80665
1,3,722412056843000,3,-0.05746084,-0.038307227,9.80665
1,3,722412076603000,3,-0.038307227,-0.038307227,9.940725
1,3,722412096389000,3,0.038307227,-0.1340753,10.01734
1,3,722412116205000,3,0.038307227,-0.1340753,9.921572
1,3,722412136279000,3,0.076614454,-0.21068975,9.844957
1,3,722412158473000,3,-0.038307227,-0.15322891,9.9790325
1,3,722412180707000,3,0.11492168,-0.11492168,9.787497
1,3,722412209029000,3,0.019153614,-0.076614454,9.921572
1,3,722412227236000,3,0.019153614,-0.22984336,9.787497
1,3,722412246996000,3,0.076614454,-0.095768064,9.921572
1,3,722412267313000,3,0.076614454,-0.076614454,9.768343
1,3,722412286605000,3,-0.019153614,-0.05746084,10.113108
1,3,722412306507000,3,-0.019153614,0.019153614,9.9790325
1,3,722412328780000,3,0.15322891,-0.1340753,9.825804
1,3,722412348584000,3,-0.076614454,-0.076614454,9.940725
1,3,722412368493000,3,-0.038307227,0.019153614,9.864111
1,3,722412392885000,3,0.038307227,0.05746084,9.825804
1,3,722412412639000,3,-0.05746084,-0.1340753,9.9790325
